Basket count: 100
    3 (    12    17    18)
    3 (    12    13    14)
    3 (    10    16    17)
    4 (    10    12    13    14)
    2 (    12    18)
    4 (    10    14    17    18)
    4 (    10    12    17    19)
    2 (    11    18)
    3 (    10    14    18)
    2 (    10    14)
    2 (    10    12)
    3 (    15    16    17)
    3 (    12    17    19)
    2 (    13    19)
    3 (    14    16    17)
    2 (    14    15)
    5 (    10    11    14    15    16)
    2 (    11    19)
    2 (    17    19)
    3 (    15    18    19)
    5 (    13    15    16    18    19)
    2 (    14    15)
    4 (    13    16    17    19)
    2 (    18    19)
    4 (    10    12    15    19)
    2 (    15    19)
    4 (    12    15    16    17)
    4 (    14    15    17    18)
    2 (    10    18)
    5 (    10    11    13    14    15)
    2 (    17    19)
    3 (    10    13    16)
    3 (    10    16    17)
    3 (    10    12    19)
    2 (    12    17)
    4 (    14    16    17    18)
    3 (    10    12    18)
    4 (    13    14    17    19)
    4 (    13    14    16    19)
    3 (    11    15    16)
    2 (    15    18)
    2 (    15    17)
    2 (    16    17)
    4 (    10    17    18    19)
    2 (    13    16)
    2 (    13    19)
    4 (    10    15    16    17)
    2 (    13    16)
    4 (    13    14    15    18)
    2 (    10    17)
    3 (    14    15    18)
    2 (    15    17)
    3 (    13    15    19)
    5 (    11    13    16    17    18)
    2 (    18    19)
    3 (    10    11    13)
    5 (    10    12    15    16    19)
    2 (    15    19)
    2 (    15    19)
    4 (    14    15    17    18)
    5 (    10    12    15    16    19)
    4 (    10    11    12    16)
    2 (    10    16)
    2 (    14    16)
    3 (    11    12    13)
    3 (    14    17    18)
    3 (    14    15    16)
    2 (    12    15)
    3 (    14    15    17)
    3 (    12    14    16)
    2 (    13    16)
    3 (    10    11    19)
    2 (    15    16)
    3 (    12    14    17)
    2 (    12    18)
    3 (    11    13    16)
    2 (    17    18)
    2 (    15    18)
    2 (    13    17)
    5 (    12    15    16    18    19)
    4 (    11    15    17    19)
    3 (    15    16    19)
    2 (    12    19)
    3 (    10    12    15)
    2 (    15    17)
    3 (    11    14    16)
    3 (    15    16    17)
    4 (    11    12    13    14)
    2 (    13    16)
    2 (    11    19)
    2 (    11    12)
    3 (    13    14    17)
    2 (    10    12)
    2 (    14    17)
    2 (    13    18)
    4 (    13    15    16    18)
    2 (    13    19)
    3 (    10    11    19)
    4 (    11    13    16    18)
    3 (    11    12    15)

Itemset count: 551
    0     0    10    11     3 (    10    11    13)
    0     0    10    11     3 (    10    11    19)
    0     0    10    11     3 (    10    11    19)
    0     0    10    11     4 (    10    11    12    16)
    0     0    10    11     5 (    10    11    13    14    15)
    0     0    10    11     5 (    10    11    14    15    16)
    0     0    10    12     2 (    10    12)
    0     0    10    12     2 (    10    12)
    0     0    10    12     3 (    10    12    15)
    0     0    10    12     3 (    10    12    18)
    0     0    10    12     3 (    10    12    19)
    0     0    10    12     4 (    10    11    12    16)
    0     0    10    12     4 (    10    12    13    14)
    0     0    10    12     4 (    10    12    15    19)
    0     0    10    12     4 (    10    12    17    19)
    0     0    10    12     5 (    10    12    15    16    19)
    0     0    10    12     5 (    10    12    15    16    19)
    0     0    10    13     3 (    10    11    13)
    0     0    10    13     3 (    10    13    16)
    0     0    10    13     4 (    10    12    13    14)
    0     0    10    13     5 (    10    11    13    14    15)
    0     0    10    14     2 (    10    14)
    0     0    10    14     3 (    10    14    18)
    0     0    10    14     4 (    10    12    13    14)
    0     0    10    14     4 (    10    14    17    18)
    0     0    10    14     5 (    10    11    13    14    15)
    0     0    10    14     5 (    10    11    14    15    16)
    0     0    10    15     3 (    10    12    15)
    0     0    10    15     4 (    10    12    15    19)
    0     0    10    15     4 (    10    15    16    17)
    0     0    10    15     5 (    10    11    13    14    15)
    0     0    10    15     5 (    10    11    14    15    16)
    0     0    10    15     5 (    10    12    15    16    19)
    0     0    10    15     5 (    10    12    15    16    19)
    0     0    10    16     2 (    10    16)
    0     0    10    16     3 (    10    13    16)
    0     0    10    16     3 (    10    16    17)
    0     0    10    16     3 (    10    16    17)
    0     0    10    16     4 (    10    11    12    16)
    0     0    10    16     4 (    10    15    16    17)
    0     0    10    16     5 (    10    11    14    15    16)
    0     0    10    16     5 (    10    12    15    16    19)
    0     0    10    16     5 (    10    12    15    16    19)
    0     0    10    17     2 (    10    17)
    0     0    10    17     3 (    10    16    17)
    0     0    10    17     3 (    10    16    17)
    0     0    10    17     4 (    10    12    17    19)
    0     0    10    17     4 (    10    14    17    18)
    0     0    10    17     4 (    10    15    16    17)
    0     0    10    17     4 (    10    17    18    19)
    0     0    10    18     2 (    10    18)
    0     0    10    18     3 (    10    12    18)
    0     0    10    18     3 (    10    14    18)
    0     0    10    18     4 (    10    14    17    18)
    0     0    10    18     4 (    10    17    18    19)
    0     0    10    19     3 (    10    11    19)
    0     0    10    19     3 (    10    11    19)
    0     0    10    19     3 (    10    12    19)
    0     0    10    19     4 (    10    12    15    19)
    0     0    10    19     4 (    10    12    17    19)
    0     0    10    19     4 (    10    17    18    19)
    0     0    10    19     5 (    10    12    15    16    19)
    0     0    10    19     5 (    10    12    15    16    19)
    0     0    11    12     2 (    11    12)
    0     0    11    12     3 (    11    12    13)
    0     0    11    12     3 (    11    12    15)
    0     0    11    12     4 (    10    11    12    16)
    0     0    11    12     4 (    11    12    13    14)
    0     0    11    13     3 (    10    11    13)
    0     0    11    13     3 (    11    12    13)
    0     0    11    13     3 (    11    13    16)
    0     0    11    13     4 (    11    12    13    14)
    0     0    11    13     4 (    11    13    16    18)
    0     0    11    13     5 (    10    11    13    14    15)
    0     0    11    13     5 (    11    13    16    17    18)
    0     0    11    14     3 (    11    14    16)
    0     0    11    14     4 (    11    12    13    14)
    0     0    11    14     5 (    10    11    13    14    15)
    0     0    11    14     5 (    10    11    14    15    16)
    0     0    11    15     3 (    11    12    15)
    0     0    11    15     3 (    11    15    16)
    0     0    11    15     4 (    11    15    17    19)
    0     0    11    15     5 (    10    11    13    14    15)
    0     0    11    15     5 (    10    11    14    15    16)
    0     0    11    16     3 (    11    13    16)
    0     0    11    16     3 (    11    14    16)
    0     0    11    16     3 (    11    15    16)
    0     0    11    16     4 (    10    11    12    16)
    0     0    11    16     4 (    11    13    16    18)
    0     0    11    16     5 (    10    11    14    15    16)
    0     0    11    16     5 (    11    13    16    17    18)
    0     0    11    17     4 (    11    15    17    19)
    0     0    11    17     5 (    11    13    16    17    18)
    0     0    11    18     2 (    11    18)
    0     0    11    18     4 (    11    13    16    18)
    0     0    11    18     5 (    11    13    16    17    18)
    0     0    11    19     2 (    11    19)
    0     0    11    19     2 (    11    19)
    0     0    11    19     3 (    10    11    19)
    0     0    11    19     3 (    10    11    19)
    0     0    11    19     4 (    11    15    17    19)
    0     0    12    13     3 (    11    12    13)
    0     0    12    13     3 (    12    13    14)
    0     0    12    13     4 (    10    12    13    14)
    0     0    12    13     4 (    11    12    13    14)
    0     0    12    14     3 (    12    13    14)
    0     0    12    14     3 (    12    14    16)
    0     0    12    14     3 (    12    14    17)
    0     0    12    14     4 (    10    12    13    14)
    0     0    12    14     4 (    11    12    13    14)
    0     0    12    15     2 (    12    15)
    0     0    12    15     3 (    10    12    15)
    0     0    12    15     3 (    11    12    15)
    0     0    12    15     4 (    10    12    15    19)
    0     0    12    15     4 (    12    15    16    17)
    0     0    12    15     5 (    10    12    15    16    19)
    0     0    12    15     5 (    10    12    15    16    19)
    0     0    12    15     5 (    12    15    16    18    19)
    0     0    12    16     3 (    12    14    16)
    0     0    12    16     4 (    10    11    12    16)
    0     0    12    16     4 (    12    15    16    17)
    0     0    12    16     5 (    10    12    15    16    19)
    0     0    12    16     5 (    10    12    15    16    19)
    0     0    12    16     5 (    12    15    16    18    19)
    0     0    12    17     2 (    12    17)
    0     0    12    17     3 (    12    14    17)
    0     0    12    17     3 (    12    17    18)
    0     0    12    17     3 (    12    17    19)
    0     0    12    17     4 (    10    12    17    19)
    0     0    12    17     4 (    12    15    16    17)
    0     0    12    18     2 (    12    18)
    0     0    12    18     2 (    12    18)
    0     0    12    18     3 (    10    12    18)
    0     0    12    18     3 (    12    17    18)
    0     0    12    18     5 (    12    15    16    18    19)
    0     0    12    19     2 (    12    19)
    0     0    12    19     3 (    10    12    19)
    0     0    12    19     3 (    12    17    19)
    0     0    12    19     4 (    10    12    15    19)
    0     0    12    19     4 (    10    12    17    19)
    0     0    12    19     5 (    10    12    15    16    19)
    0     0    12    19     5 (    10    12    15    16    19)
    0     0    12    19     5 (    12    15    16    18    19)
    0     0    13    14     3 (    12    13    14)
    0     0    13    14     3 (    13    14    17)
    0     0    13    14     4 (    10    12    13    14)
    0     0    13    14     4 (    11    12    13    14)
    0     0    13    14     4 (    13    14    15    18)
    0     0    13    14     4 (    13    14    16    19)
    0     0    13    14     4 (    13    14    17    19)
    0     0    13    14     5 (    10    11    13    14    15)
    0     0    13    15     3 (    13    15    19)
    0     0    13    15     4 (    13    14    15    18)
    0     0    13    15     4 (    13    15    16    18)
    0     0    13    15     5 (    10    11    13    14    15)
    0     0    13    15     5 (    13    15    16    18    19)
    0     0    13    16     2 (    13    16)
    0     0    13    16     2 (    13    16)
    0     0    13    16     2 (    13    16)
    0     0    13    16     2 (    13    16)
    0     0    13    16     3 (    10    13    16)
    0     0    13    16     3 (    11    13    16)
    0     0    13    16     4 (    11    13    16    18)
    0     0    13    16     4 (    13    14    16    19)
    0     0    13    16     4 (    13    15    16    18)
    0     0    13    16     4 (    13    16    17    19)
    0     0    13    16     5 (    11    13    16    17    18)
    0     0    13    16     5 (    13    15    16    18    19)
    0     0    13    17     2 (    13    17)
    0     0    13    17     3 (    13    14    17)
    0     0    13    17     4 (    13    14    17    19)
    0     0    13    17     4 (    13    16    17    19)
    0     0    13    17     5 (    11    13    16    17    18)
    0     0    13    18     2 (    13    18)
    0     0    13    18     4 (    11    13    16    18)
    0     0    13    18     4 (    13    14    15    18)
    0     0    13    18     4 (    13    15    16    18)
    0     0    13    18     5 (    11    13    16    17    18)
    0     0    13    18     5 (    13    15    16    18    19)
    0     0    13    19     2 (    13    19)
    0     0    13    19     2 (    13    19)
    0     0    13    19     2 (    13    19)
    0     0    13    19     3 (    13    15    19)
    0     0    13    19     4 (    13    14    16    19)
    0     0    13    19     4 (    13    14    17    19)
    0     0    13    19     4 (    13    16    17    19)
    0     0    13    19     5 (    13    15    16    18    19)
    0     0    14    15     2 (    14    15)
    0     0    14    15     2 (    14    15)
    0     0    14    15     3 (    14    15    16)
    0     0    14    15     3 (    14    15    17)
    0     0    14    15     3 (    14    15    18)
    0     0    14    15     4 (    13    14    15    18)
    0     0    14    15     4 (    14    15    17    18)
    0     0    14    15     4 (    14    15    17    18)
    0     0    14    15     5 (    10    11    13    14    15)
    0     0    14    15     5 (    10    11    14    15    16)
    0     0    14    16     2 (    14    16)
    0     0    14    16     3 (    11    14    16)
    0     0    14    16     3 (    12    14    16)
    0     0    14    16     3 (    14    15    16)
    0     0    14    16     3 (    14    16    17)
    0     0    14    16     4 (    13    14    16    19)
    0     0    14    16     4 (    14    16    17    18)
    0     0    14    16     5 (    10    11    14    15    16)
    0     0    14    17     2 (    14    17)
    0     0    14    17     3 (    12    14    17)
    0     0    14    17     3 (    13    14    17)
    0     0    14    17     3 (    14    15    17)
    0     0    14    17     3 (    14    16    17)
    0     0    14    17     3 (    14    17    18)
    0     0    14    17     4 (    10    14    17    18)
    0     0    14    17     4 (    13    14    17    19)
    0     0    14    17     4 (    14    15    17    18)
    0     0    14    17     4 (    14    15    17    18)
    0     0    14    17     4 (    14    16    17    18)
    0     0    14    18     3 (    10    14    18)
    0     0    14    18     3 (    14    15    18)
    0     0    14    18     3 (    14    17    18)
    0     0    14    18     4 (    10    14    17    18)
    0     0    14    18     4 (    13    14    15    18)
    0     0    14    18     4 (    14    15    17    18)
    0     0    14    18     4 (    14    15    17    18)
    0     0    14    18     4 (    14    16    17    18)
    0     0    14    19     4 (    13    14    16    19)
    0     0    14    19     4 (    13    14    17    19)
    0     0    15    16     2 (    15    16)
    0     0    15    16     3 (    11    15    16)
    0     0    15    16     3 (    14    15    16)
    0     0    15    16     3 (    15    16    17)
    0     0    15    16     3 (    15    16    17)
    0     0    15    16     3 (    15    16    19)
    0     0    15    16     4 (    10    15    16    17)
    0     0    15    16     4 (    12    15    16    17)
    0     0    15    16     4 (    13    15    16    18)
    0     0    15    16     5 (    10    11    14    15    16)
    0     0    15    16     5 (    10    12    15    16    19)
    0     0    15    16     5 (    10    12    15    16    19)
    0     0    15    16     5 (    12    15    16    18    19)
    0     0    15    16     5 (    13    15    16    18    19)
    0     0    15    17     2 (    15    17)
    0     0    15    17     2 (    15    17)
    0     0    15    17     2 (    15    17)
    0     0    15    17     3 (    14    15    17)
    0     0    15    17     3 (    15    16    17)
    0     0    15    17     3 (    15    16    17)
    0     0    15    17     4 (    10    15    16    17)
    0     0    15    17     4 (    11    15    17    19)
    0     0    15    17     4 (    12    15    16    17)
    0     0    15    17     4 (    14    15    17    18)
    0     0    15    17     4 (    14    15    17    18)
    0     0    15    18     2 (    15    18)
    0     0    15    18     2 (    15    18)
    0     0    15    18     3 (    14    15    18)
    0     0    15    18     3 (    15    18    19)
    0     0    15    18     4 (    13    14    15    18)
    0     0    15    18     4 (    13    15    16    18)
    0     0    15    18     4 (    14    15    17    18)
    0     0    15    18     4 (    14    15    17    18)
    0     0    15    18     5 (    12    15    16    18    19)
    0     0    15    18     5 (    13    15    16    18    19)
    0     0    15    19     2 (    15    19)
    0     0    15    19     2 (    15    19)
    0     0    15    19     2 (    15    19)
    0     0    15    19     3 (    13    15    19)
    0     0    15    19     3 (    15    16    19)
    0     0    15    19     3 (    15    18    19)
    0     0    15    19     4 (    10    12    15    19)
    0     0    15    19     4 (    11    15    17    19)
    0     0    15    19     5 (    10    12    15    16    19)
    0     0    15    19     5 (    10    12    15    16    19)
    0     0    15    19     5 (    12    15    16    18    19)
    0     0    15    19     5 (    13    15    16    18    19)
    0     0    16    17     2 (    16    17)
    0     0    16    17     3 (    10    16    17)
    0     0    16    17     3 (    10    16    17)
    0     0    16    17     3 (    14    16    17)
    0     0    16    17     3 (    15    16    17)
    0     0    16    17     3 (    15    16    17)
    0     0    16    17     4 (    10    15    16    17)
    0     0    16    17     4 (    12    15    16    17)
    0     0    16    17     4 (    13    16    17    19)
    0     0    16    17     4 (    14    16    17    18)
    0     0    16    17     5 (    11    13    16    17    18)
    0     0    16    18     4 (    11    13    16    18)
    0     0    16    18     4 (    13    15    16    18)
    0     0    16    18     4 (    14    16    17    18)
    0     0    16    18     5 (    11    13    16    17    18)
    0     0    16    18     5 (    12    15    16    18    19)
    0     0    16    18     5 (    13    15    16    18    19)
    0     0    16    19     3 (    15    16    19)
    0     0    16    19     4 (    13    14    16    19)
    0     0    16    19     4 (    13    16    17    19)
    0     0    16    19     5 (    10    12    15    16    19)
    0     0    16    19     5 (    10    12    15    16    19)
    0     0    16    19     5 (    12    15    16    18    19)
    0     0    16    19     5 (    13    15    16    18    19)
    0     0    17    18     2 (    17    18)
    0     0    17    18     3 (    12    17    18)
    0     0    17    18     3 (    14    17    18)
    0     0    17    18     4 (    10    14    17    18)
    0     0    17    18     4 (    10    17    18    19)
    0     0    17    18     4 (    14    15    17    18)
    0     0    17    18     4 (    14    15    17    18)
    0     0    17    18     4 (    14    16    17    18)
    0     0    17    18     5 (    11    13    16    17    18)
    0     0    17    19     2 (    17    19)
    0     0    17    19     2 (    17    19)
    0     0    17    19     3 (    12    17    19)
    0     0    17    19     4 (    10    12    17    19)
    0     0    17    19     4 (    10    17    18    19)
    0     0    17    19     4 (    11    15    17    19)
    0     0    17    19     4 (    13    14    17    19)
    0     0    17    19     4 (    13    16    17    19)
    0     0    18    19     2 (    18    19)
    0     0    18    19     2 (    18    19)
    0     0    18    19     3 (    15    18    19)
    0     0    18    19     4 (    10    17    18    19)
    0     0    18    19     5 (    12    15    16    18    19)
    0     0    18    19     5 (    13    15    16    18    19)
    0    10    11    12     4 (    10    11    12    16)
    0    10    11    13     3 (    10    11    13)
    0    10    11    13     5 (    10    11    13    14    15)
    0    10    11    14     5 (    10    11    13    14    15)
    0    10    11    14     5 (    10    11    14    15    16)
    0    10    11    15     5 (    10    11    13    14    15)
    0    10    11    15     5 (    10    11    14    15    16)
    0    10    11    16     4 (    10    11    12    16)
    0    10    11    16     5 (    10    11    14    15    16)
    0    10    11    19     3 (    10    11    19)
    0    10    11    19     3 (    10    11    19)
    0    10    12    13     4 (    10    12    13    14)
    0    10    12    14     4 (    10    12    13    14)
    0    10    12    15     3 (    10    12    15)
    0    10    12    15     4 (    10    12    15    19)
    0    10    12    15     5 (    10    12    15    16    19)
    0    10    12    15     5 (    10    12    15    16    19)
    0    10    12    16     4 (    10    11    12    16)
    0    10    12    16     5 (    10    12    15    16    19)
    0    10    12    16     5 (    10    12    15    16    19)
    0    10    12    17     4 (    10    12    17    19)
    0    10    12    18     3 (    10    12    18)
    0    10    12    19     3 (    10    12    19)
    0    10    12    19     4 (    10    12    15    19)
    0    10    12    19     4 (    10    12    17    19)
    0    10    12    19     5 (    10    12    15    16    19)
    0    10    12    19     5 (    10    12    15    16    19)
    0    10    13    14     4 (    10    12    13    14)
    0    10    13    14     5 (    10    11    13    14    15)
    0    10    13    15     5 (    10    11    13    14    15)
    0    10    13    16     3 (    10    13    16)
    0    10    14    15     5 (    10    11    13    14    15)
    0    10    14    15     5 (    10    11    14    15    16)
    0    10    14    16     5 (    10    11    14    15    16)
    0    10    14    17     4 (    10    14    17    18)
    0    10    14    18     3 (    10    14    18)
    0    10    14    18     4 (    10    14    17    18)
    0    10    15    16     4 (    10    15    16    17)
    0    10    15    16     5 (    10    11    14    15    16)
    0    10    15    16     5 (    10    12    15    16    19)
    0    10    15    16     5 (    10    12    15    16    19)
    0    10    15    17     4 (    10    15    16    17)
    0    10    15    19     4 (    10    12    15    19)
    0    10    15    19     5 (    10    12    15    16    19)
    0    10    15    19     5 (    10    12    15    16    19)
    0    10    16    17     3 (    10    16    17)
    0    10    16    17     3 (    10    16    17)
    0    10    16    17     4 (    10    15    16    17)
    0    10    16    19     5 (    10    12    15    16    19)
    0    10    16    19     5 (    10    12    15    16    19)
    0    10    17    18     4 (    10    14    17    18)
    0    10    17    18     4 (    10    17    18    19)
    0    10    17    19     4 (    10    12    17    19)
    0    10    17    19     4 (    10    17    18    19)
    0    10    18    19     4 (    10    17    18    19)
    0    11    12    13     3 (    11    12    13)
    0    11    12    13     4 (    11    12    13    14)
    0    11    12    14     4 (    11    12    13    14)
    0    11    12    15     3 (    11    12    15)
    0    11    12    16     4 (    10    11    12    16)
    0    11    13    14     4 (    11    12    13    14)
    0    11    13    14     5 (    10    11    13    14    15)
    0    11    13    15     5 (    10    11    13    14    15)
    0    11    13    16     3 (    11    13    16)
    0    11    13    16     4 (    11    13    16    18)
    0    11    13    16     5 (    11    13    16    17    18)
    0    11    13    17     5 (    11    13    16    17    18)
    0    11    13    18     4 (    11    13    16    18)
    0    11    13    18     5 (    11    13    16    17    18)
    0    11    14    15     5 (    10    11    13    14    15)
    0    11    14    15     5 (    10    11    14    15    16)
    0    11    14    16     3 (    11    14    16)
    0    11    14    16     5 (    10    11    14    15    16)
    0    11    15    16     3 (    11    15    16)
    0    11    15    16     5 (    10    11    14    15    16)
    0    11    15    17     4 (    11    15    17    19)
    0    11    15    19     4 (    11    15    17    19)
    0    11    16    17     5 (    11    13    16    17    18)
    0    11    16    18     4 (    11    13    16    18)
    0    11    16    18     5 (    11    13    16    17    18)
    0    11    17    18     5 (    11    13    16    17    18)
    0    11    17    19     4 (    11    15    17    19)
    0    12    13    14     3 (    12    13    14)
    0    12    13    14     4 (    10    12    13    14)
    0    12    13    14     4 (    11    12    13    14)
    0    12    14    16     3 (    12    14    16)
    0    12    14    17     3 (    12    14    17)
    0    12    15    16     4 (    12    15    16    17)
    0    12    15    16     5 (    10    12    15    16    19)
    0    12    15    16     5 (    10    12    15    16    19)
    0    12    15    16     5 (    12    15    16    18    19)
    0    12    15    17     4 (    12    15    16    17)
    0    12    15    18     5 (    12    15    16    18    19)
    0    12    15    19     4 (    10    12    15    19)
    0    12    15    19     5 (    10    12    15    16    19)
    0    12    15    19     5 (    10    12    15    16    19)
    0    12    15    19     5 (    12    15    16    18    19)
    0    12    16    17     4 (    12    15    16    17)
    0    12    16    18     5 (    12    15    16    18    19)
    0    12    16    19     5 (    10    12    15    16    19)
    0    12    16    19     5 (    10    12    15    16    19)
    0    12    16    19     5 (    12    15    16    18    19)
    0    12    17    18     3 (    12    17    18)
    0    12    17    19     3 (    12    17    19)
    0    12    17    19     4 (    10    12    17    19)
    0    12    18    19     5 (    12    15    16    18    19)
    0    13    14    15     4 (    13    14    15    18)
    0    13    14    15     5 (    10    11    13    14    15)
    0    13    14    16     4 (    13    14    16    19)
    0    13    14    17     3 (    13    14    17)
    0    13    14    17     4 (    13    14    17    19)
    0    13    14    18     4 (    13    14    15    18)
    0    13    14    19     4 (    13    14    16    19)
    0    13    14    19     4 (    13    14    17    19)
    0    13    15    16     4 (    13    15    16    18)
    0    13    15    16     5 (    13    15    16    18    19)
    0    13    15    18     4 (    13    14    15    18)
    0    13    15    18     4 (    13    15    16    18)
    0    13    15    18     5 (    13    15    16    18    19)
    0    13    15    19     3 (    13    15    19)
    0    13    15    19     5 (    13    15    16    18    19)
    0    13    16    17     4 (    13    16    17    19)
    0    13    16    17     5 (    11    13    16    17    18)
    0    13    16    18     4 (    11    13    16    18)
    0    13    16    18     4 (    13    15    16    18)
    0    13    16    18     5 (    11    13    16    17    18)
    0    13    16    18     5 (    13    15    16    18    19)
    0    13    16    19     4 (    13    14    16    19)
    0    13    16    19     4 (    13    16    17    19)
    0    13    16    19     5 (    13    15    16    18    19)
    0    13    17    18     5 (    11    13    16    17    18)
    0    13    17    19     4 (    13    14    17    19)
    0    13    17    19     4 (    13    16    17    19)
    0    13    18    19     5 (    13    15    16    18    19)
    0    14    15    16     3 (    14    15    16)
    0    14    15    16     5 (    10    11    14    15    16)
    0    14    15    17     3 (    14    15    17)
    0    14    15    17     4 (    14    15    17    18)
    0    14    15    17     4 (    14    15    17    18)
    0    14    15    18     3 (    14    15    18)
    0    14    15    18     4 (    13    14    15    18)
    0    14    15    18     4 (    14    15    17    18)
    0    14    15    18     4 (    14    15    17    18)
    0    14    16    17     3 (    14    16    17)
    0    14    16    17     4 (    14    16    17    18)
    0    14    16    18     4 (    14    16    17    18)
    0    14    16    19     4 (    13    14    16    19)
    0    14    17    18     3 (    14    17    18)
    0    14    17    18     4 (    10    14    17    18)
    0    14    17    18     4 (    14    15    17    18)
    0    14    17    18     4 (    14    15    17    18)
    0    14    17    18     4 (    14    16    17    18)
    0    14    17    19     4 (    13    14    17    19)
    0    15    16    17     3 (    15    16    17)
    0    15    16    17     3 (    15    16    17)
    0    15    16    17     4 (    10    15    16    17)
    0    15    16    17     4 (    12    15    16    17)
    0    15    16    18     4 (    13    15    16    18)
    0    15    16    18     5 (    12    15    16    18    19)
    0    15    16    18     5 (    13    15    16    18    19)
    0    15    16    19     3 (    15    16    19)
    0    15    16    19     5 (    10    12    15    16    19)
    0    15    16    19     5 (    10    12    15    16    19)
    0    15    16    19     5 (    12    15    16    18    19)
    0    15    16    19     5 (    13    15    16    18    19)
    0    15    17    18     4 (    14    15    17    18)
    0    15    17    18     4 (    14    15    17    18)
    0    15    17    19     4 (    11    15    17    19)
    0    15    18    19     3 (    15    18    19)
    0    15    18    19     5 (    12    15    16    18    19)
    0    15    18    19     5 (    13    15    16    18    19)
    0    16    17    18     4 (    14    16    17    18)
    0    16    17    18     5 (    11    13    16    17    18)
    0    16    17    19     4 (    13    16    17    19)
    0    16    18    19     5 (    12    15    16    18    19)
    0    16    18    19     5 (    13    15    16    18    19)
    0    17    18    19     4 (    10    17    18    19)
   10    11    12    16     4 (    10    11    12    16)
   10    11    13    14     5 (    10    11    13    14    15)
   10    11    13    15     5 (    10    11    13    14    15)
   10    11    14    15     5 (    10    11    13    14    15)
   10    11    14    15     5 (    10    11    14    15    16)
   10    11    14    16     5 (    10    11    14    15    16)
   10    11    15    16     5 (    10    11    14    15    16)
   10    12    13    14     4 (    10    12    13    14)
   10    12    15    16     5 (    10    12    15    16    19)
   10    12    15    16     5 (    10    12    15    16    19)
   10    12    15    19     4 (    10    12    15    19)
   10    12    15    19     5 (    10    12    15    16    19)
   10    12    15    19     5 (    10    12    15    16    19)
   10    12    16    19     5 (    10    12    15    16    19)
   10    12    16    19     5 (    10    12    15    16    19)
   10    12    17    19     4 (    10    12    17    19)
   10    13    14    15     5 (    10    11    13    14    15)
   10    14    15    16     5 (    10    11    14    15    16)
   10    14    17    18     4 (    10    14    17    18)
   10    15    16    17     4 (    10    15    16    17)
   10    15    16    19     5 (    10    12    15    16    19)
   10    15    16    19     5 (    10    12    15    16    19)
   10    17    18    19     4 (    10    17    18    19)
   11    12    13    14     4 (    11    12    13    14)
   11    13    14    15     5 (    10    11    13    14    15)
   11    13    16    17     5 (    11    13    16    17    18)
   11    13    16    18     4 (    11    13    16    18)
   11    13    16    18     5 (    11    13    16    17    18)
   11    13    17    18     5 (    11    13    16    17    18)
   11    14    15    16     5 (    10    11    14    15    16)
   11    15    17    19     4 (    11    15    17    19)
   11    16    17    18     5 (    11    13    16    17    18)
   12    15    16    17     4 (    12    15    16    17)
   12    15    16    18     5 (    12    15    16    18    19)
   12    15    16    19     5 (    10    12    15    16    19)
   12    15    16    19     5 (    10    12    15    16    19)
   12    15    16    19     5 (    12    15    16    18    19)
   12    15    18    19     5 (    12    15    16    18    19)
   12    16    18    19     5 (    12    15    16    18    19)
   13    14    15    18     4 (    13    14    15    18)
   13    14    16    19     4 (    13    14    16    19)
   13    14    17    19     4 (    13    14    17    19)
   13    15    16    18     4 (    13    15    16    18)
   13    15    16    18     5 (    13    15    16    18    19)
   13    15    16    19     5 (    13    15    16    18    19)
   13    15    18    19     5 (    13    15    16    18    19)
   13    16    17    18     5 (    11    13    16    17    18)
   13    16    17    19     4 (    13    16    17    19)
   13    16    18    19     5 (    13    15    16    18    19)
   14    15    17    18     4 (    14    15    17    18)
   14    15    17    18     4 (    14    15    17    18)
   14    16    17    18     4 (    14    16    17    18)
   15    16    18    19     5 (    12    15    16    18    19)
   15    16    18    19     5 (    13    15    16    18    19)

Itemset count: 45
itemList count:     2 (    10    11)
basketList count:     6
     5 (    10    11    14    15    16)
     5 (    10    11    13    14    15)
     3 (    10    11    13)
     4 (    10    11    12    16)
     3 (    10    11    19)
     3 (    10    11    19)


itemList count:     2 (    10    12)
basketList count:     11
     4 (    10    12    13    14)
     4 (    10    12    17    19)
     2 (    10    12)
     4 (    10    12    15    19)
     3 (    10    12    19)
     3 (    10    12    18)
     5 (    10    12    15    16    19)
     5 (    10    12    15    16    19)
     4 (    10    11    12    16)
     3 (    10    12    15)
     2 (    10    12)


itemList count:     2 (    10    13)
basketList count:     4
     4 (    10    12    13    14)
     5 (    10    11    13    14    15)
     3 (    10    13    16)
     3 (    10    11    13)


itemList count:     2 (    10    14)
basketList count:     6
     4 (    10    12    13    14)
     4 (    10    14    17    18)
     3 (    10    14    18)
     2 (    10    14)
     5 (    10    11    14    15    16)
     5 (    10    11    13    14    15)


itemList count:     2 (    10    15)
basketList count:     7
     5 (    10    11    14    15    16)
     4 (    10    12    15    19)
     5 (    10    11    13    14    15)
     4 (    10    15    16    17)
     5 (    10    12    15    16    19)
     5 (    10    12    15    16    19)
     3 (    10    12    15)


itemList count:     2 (    10    16)
basketList count:     9
     3 (    10    16    17)
     5 (    10    11    14    15    16)
     3 (    10    13    16)
     3 (    10    16    17)
     4 (    10    15    16    17)
     5 (    10    12    15    16    19)
     5 (    10    12    15    16    19)
     4 (    10    11    12    16)
     2 (    10    16)


itemList count:     2 (    10    17)
basketList count:     7
     3 (    10    16    17)
     4 (    10    14    17    18)
     4 (    10    12    17    19)
     3 (    10    16    17)
     4 (    10    17    18    19)
     4 (    10    15    16    17)
     2 (    10    17)


itemList count:     2 (    10    18)
basketList count:     5
     4 (    10    14    17    18)
     3 (    10    14    18)
     2 (    10    18)
     3 (    10    12    18)
     4 (    10    17    18    19)


itemList count:     2 (    10    19)
basketList count:     8
     4 (    10    12    17    19)
     4 (    10    12    15    19)
     3 (    10    12    19)
     4 (    10    17    18    19)
     5 (    10    12    15    16    19)
     5 (    10    12    15    16    19)
     3 (    10    11    19)
     3 (    10    11    19)


itemList count:     2 (    11    12)
basketList count:     5
     4 (    10    11    12    16)
     3 (    11    12    13)
     4 (    11    12    13    14)
     2 (    11    12)
     3 (    11    12    15)


itemList count:     2 (    11    13)
basketList count:     7
     5 (    10    11    13    14    15)
     5 (    11    13    16    17    18)
     3 (    10    11    13)
     3 (    11    12    13)
     3 (    11    13    16)
     4 (    11    12    13    14)
     4 (    11    13    16    18)


itemList count:     2 (    11    14)
basketList count:     4
     5 (    10    11    14    15    16)
     5 (    10    11    13    14    15)
     3 (    11    14    16)
     4 (    11    12    13    14)


itemList count:     2 (    11    15)
basketList count:     5
     5 (    10    11    14    15    16)
     5 (    10    11    13    14    15)
     3 (    11    15    16)
     4 (    11    15    17    19)
     3 (    11    12    15)


itemList count:     2 (    11    16)
basketList count:     7
     5 (    10    11    14    15    16)
     3 (    11    15    16)
     5 (    11    13    16    17    18)
     4 (    10    11    12    16)
     3 (    11    13    16)
     3 (    11    14    16)
     4 (    11    13    16    18)


itemList count:     2 (    11    17)
basketList count:     2
     5 (    11    13    16    17    18)
     4 (    11    15    17    19)


itemList count:     2 (    11    18)
basketList count:     3
     2 (    11    18)
     5 (    11    13    16    17    18)
     4 (    11    13    16    18)


itemList count:     2 (    11    19)
basketList count:     5
     2 (    11    19)
     3 (    10    11    19)
     4 (    11    15    17    19)
     2 (    11    19)
     3 (    10    11    19)


itemList count:     2 (    12    13)
basketList count:     4
     3 (    12    13    14)
     4 (    10    12    13    14)
     3 (    11    12    13)
     4 (    11    12    13    14)


itemList count:     2 (    12    14)
basketList count:     5
     3 (    12    13    14)
     4 (    10    12    13    14)
     3 (    12    14    16)
     3 (    12    14    17)
     4 (    11    12    13    14)


itemList count:     2 (    12    15)
basketList count:     8
     4 (    10    12    15    19)
     4 (    12    15    16    17)
     5 (    10    12    15    16    19)
     5 (    10    12    15    16    19)
     2 (    12    15)
     5 (    12    15    16    18    19)
     3 (    10    12    15)
     3 (    11    12    15)


itemList count:     2 (    12    16)
basketList count:     6
     4 (    12    15    16    17)
     5 (    10    12    15    16    19)
     5 (    10    12    15    16    19)
     4 (    10    11    12    16)
     3 (    12    14    16)
     5 (    12    15    16    18    19)


itemList count:     2 (    12    17)
basketList count:     6
     3 (    12    17    18)
     4 (    10    12    17    19)
     3 (    12    17    19)
     4 (    12    15    16    17)
     2 (    12    17)
     3 (    12    14    17)


itemList count:     2 (    12    18)
basketList count:     5
     3 (    12    17    18)
     2 (    12    18)
     3 (    10    12    18)
     2 (    12    18)
     5 (    12    15    16    18    19)


itemList count:     2 (    12    19)
basketList count:     8
     4 (    10    12    17    19)
     3 (    12    17    19)
     4 (    10    12    15    19)
     3 (    10    12    19)
     5 (    10    12    15    16    19)
     5 (    10    12    15    16    19)
     5 (    12    15    16    18    19)
     2 (    12    19)


itemList count:     2 (    13    14)
basketList count:     8
     3 (    12    13    14)
     4 (    10    12    13    14)
     5 (    10    11    13    14    15)
     4 (    13    14    17    19)
     4 (    13    14    16    19)
     4 (    13    14    15    18)
     4 (    11    12    13    14)
     3 (    13    14    17)


itemList count:     2 (    13    15)
basketList count:     5
     5 (    13    15    16    18    19)
     5 (    10    11    13    14    15)
     4 (    13    14    15    18)
     3 (    13    15    19)
     4 (    13    15    16    18)


itemList count:     2 (    13    16)
basketList count:     12
     5 (    13    15    16    18    19)
     4 (    13    16    17    19)
     3 (    10    13    16)
     4 (    13    14    16    19)
     2 (    13    16)
     2 (    13    16)
     5 (    11    13    16    17    18)
     2 (    13    16)
     3 (    11    13    16)
     2 (    13    16)
     4 (    13    15    16    18)
     4 (    11    13    16    18)


itemList count:     2 (    13    17)
basketList count:     5
     4 (    13    16    17    19)
     4 (    13    14    17    19)
     5 (    11    13    16    17    18)
     2 (    13    17)
     3 (    13    14    17)


itemList count:     2 (    13    18)
basketList count:     6
     5 (    13    15    16    18    19)
     4 (    13    14    15    18)
     5 (    11    13    16    17    18)
     2 (    13    18)
     4 (    13    15    16    18)
     4 (    11    13    16    18)


itemList count:     2 (    13    19)
basketList count:     8
     2 (    13    19)
     5 (    13    15    16    18    19)
     4 (    13    16    17    19)
     4 (    13    14    17    19)
     4 (    13    14    16    19)
     2 (    13    19)
     3 (    13    15    19)
     2 (    13    19)


itemList count:     2 (    14    15)
basketList count:     10
     2 (    14    15)
     5 (    10    11    14    15    16)
     2 (    14    15)
     4 (    14    15    17    18)
     5 (    10    11    13    14    15)
     4 (    13    14    15    18)
     3 (    14    15    18)
     4 (    14    15    17    18)
     3 (    14    15    16)
     3 (    14    15    17)


itemList count:     2 (    14    16)
basketList count:     8
     3 (    14    16    17)
     5 (    10    11    14    15    16)
     4 (    14    16    17    18)
     4 (    13    14    16    19)
     2 (    14    16)
     3 (    14    15    16)
     3 (    12    14    16)
     3 (    11    14    16)


itemList count:     2 (    14    17)
basketList count:     11
     4 (    10    14    17    18)
     3 (    14    16    17)
     4 (    14    15    17    18)
     4 (    14    16    17    18)
     4 (    13    14    17    19)
     4 (    14    15    17    18)
     3 (    14    17    18)
     3 (    14    15    17)
     3 (    12    14    17)
     3 (    13    14    17)
     2 (    14    17)


itemList count:     2 (    14    18)
basketList count:     8
     4 (    10    14    17    18)
     3 (    10    14    18)
     4 (    14    15    17    18)
     4 (    14    16    17    18)
     4 (    13    14    15    18)
     3 (    14    15    18)
     4 (    14    15    17    18)
     3 (    14    17    18)


itemList count:     2 (    14    19)
basketList count:     2
     4 (    13    14    17    19)
     4 (    13    14    16    19)


itemList count:     2 (    15    16)
basketList count:     14
     3 (    15    16    17)
     5 (    10    11    14    15    16)
     5 (    13    15    16    18    19)
     4 (    12    15    16    17)
     3 (    11    15    16)
     4 (    10    15    16    17)
     5 (    10    12    15    16    19)
     5 (    10    12    15    16    19)
     3 (    14    15    16)
     2 (    15    16)
     5 (    12    15    16    18    19)
     3 (    15    16    19)
     3 (    15    16    17)
     4 (    13    15    16    18)


itemList count:     2 (    15    17)
basketList count:     11
     3 (    15    16    17)
     4 (    12    15    16    17)
     4 (    14    15    17    18)
     2 (    15    17)
     4 (    10    15    16    17)
     2 (    15    17)
     4 (    14    15    17    18)
     3 (    14    15    17)
     4 (    11    15    17    19)
     2 (    15    17)
     3 (    15    16    17)


itemList count:     2 (    15    18)
basketList count:     10
     3 (    15    18    19)
     5 (    13    15    16    18    19)
     4 (    14    15    17    18)
     2 (    15    18)
     4 (    13    14    15    18)
     3 (    14    15    18)
     4 (    14    15    17    18)
     2 (    15    18)
     5 (    12    15    16    18    19)
     4 (    13    15    16    18)


itemList count:     2 (    15    19)
basketList count:     12
     3 (    15    18    19)
     5 (    13    15    16    18    19)
     4 (    10    12    15    19)
     2 (    15    19)
     3 (    13    15    19)
     5 (    10    12    15    16    19)
     2 (    15    19)
     2 (    15    19)
     5 (    10    12    15    16    19)
     5 (    12    15    16    18    19)
     4 (    11    15    17    19)
     3 (    15    16    19)


itemList count:     2 (    16    17)
basketList count:     11
     3 (    10    16    17)
     3 (    15    16    17)
     3 (    14    16    17)
     4 (    13    16    17    19)
     4 (    12    15    16    17)
     3 (    10    16    17)
     4 (    14    16    17    18)
     2 (    16    17)
     4 (    10    15    16    17)
     5 (    11    13    16    17    18)
     3 (    15    16    17)


itemList count:     2 (    16    18)
basketList count:     6
     5 (    13    15    16    18    19)
     4 (    14    16    17    18)
     5 (    11    13    16    17    18)
     5 (    12    15    16    18    19)
     4 (    13    15    16    18)
     4 (    11    13    16    18)


itemList count:     2 (    16    19)
basketList count:     7
     5 (    13    15    16    18    19)
     4 (    13    16    17    19)
     4 (    13    14    16    19)
     5 (    10    12    15    16    19)
     5 (    10    12    15    16    19)
     5 (    12    15    16    18    19)
     3 (    15    16    19)


itemList count:     2 (    17    18)
basketList count:     9
     3 (    12    17    18)
     4 (    10    14    17    18)
     4 (    14    15    17    18)
     4 (    14    16    17    18)
     4 (    10    17    18    19)
     5 (    11    13    16    17    18)
     4 (    14    15    17    18)
     3 (    14    17    18)
     2 (    17    18)


itemList count:     2 (    17    19)
basketList count:     8
     4 (    10    12    17    19)
     3 (    12    17    19)
     2 (    17    19)
     4 (    13    16    17    19)
     2 (    17    19)
     4 (    13    14    17    19)
     4 (    10    17    18    19)
     4 (    11    15    17    19)


itemList count:     2 (    18    19)
basketList count:     6
     3 (    15    18    19)
     5 (    13    15    16    18    19)
     2 (    18    19)
     4 (    10    17    18    19)
     2 (    18    19)
     5 (    12    15    16    18    19)



Itemset count: 91
itemList count:     3 (    10    11    12)
basketList count:     1
     4 (    10    11    12    16)


itemList count:     3 (    10    11    13)
basketList count:     2
     5 (    10    11    13    14    15)
     3 (    10    11    13)


itemList count:     3 (    10    11    14)
basketList count:     2
     5 (    10    11    14    15    16)
     5 (    10    11    13    14    15)


itemList count:     3 (    10    11    15)
basketList count:     2
     5 (    10    11    14    15    16)
     5 (    10    11    13    14    15)


itemList count:     3 (    10    11    16)
basketList count:     2
     5 (    10    11    14    15    16)
     4 (    10    11    12    16)


itemList count:     3 (    10    11    19)
basketList count:     2
     3 (    10    11    19)
     3 (    10    11    19)


itemList count:     3 (    10    12    13)
basketList count:     1
     4 (    10    12    13    14)


itemList count:     3 (    10    12    14)
basketList count:     1
     4 (    10    12    13    14)


itemList count:     3 (    10    12    15)
basketList count:     4
     4 (    10    12    15    19)
     5 (    10    12    15    16    19)
     5 (    10    12    15    16    19)
     3 (    10    12    15)


itemList count:     3 (    10    12    16)
basketList count:     3
     5 (    10    12    15    16    19)
     5 (    10    12    15    16    19)
     4 (    10    11    12    16)


itemList count:     3 (    10    12    17)
basketList count:     1
     4 (    10    12    17    19)


itemList count:     3 (    10    12    18)
basketList count:     1
     3 (    10    12    18)


itemList count:     3 (    10    12    19)
basketList count:     5
     4 (    10    12    17    19)
     4 (    10    12    15    19)
     3 (    10    12    19)
     5 (    10    12    15    16    19)
     5 (    10    12    15    16    19)


itemList count:     3 (    10    13    14)
basketList count:     2
     4 (    10    12    13    14)
     5 (    10    11    13    14    15)


itemList count:     3 (    10    13    15)
basketList count:     1
     5 (    10    11    13    14    15)


itemList count:     3 (    10    13    16)
basketList count:     1
     3 (    10    13    16)


itemList count:     3 (    10    14    15)
basketList count:     2
     5 (    10    11    14    15    16)
     5 (    10    11    13    14    15)


itemList count:     3 (    10    14    16)
basketList count:     1
     5 (    10    11    14    15    16)


itemList count:     3 (    10    14    17)
basketList count:     1
     4 (    10    14    17    18)


itemList count:     3 (    10    14    18)
basketList count:     2
     4 (    10    14    17    18)
     3 (    10    14    18)


itemList count:     3 (    10    15    16)
basketList count:     4
     5 (    10    11    14    15    16)
     4 (    10    15    16    17)
     5 (    10    12    15    16    19)
     5 (    10    12    15    16    19)


itemList count:     3 (    10    15    17)
basketList count:     1
     4 (    10    15    16    17)


itemList count:     3 (    10    15    19)
basketList count:     3
     4 (    10    12    15    19)
     5 (    10    12    15    16    19)
     5 (    10    12    15    16    19)


itemList count:     3 (    10    16    17)
basketList count:     3
     3 (    10    16    17)
     3 (    10    16    17)
     4 (    10    15    16    17)


itemList count:     3 (    10    16    19)
basketList count:     2
     5 (    10    12    15    16    19)
     5 (    10    12    15    16    19)


itemList count:     3 (    10    17    18)
basketList count:     2
     4 (    10    14    17    18)
     4 (    10    17    18    19)


itemList count:     3 (    10    17    19)
basketList count:     2
     4 (    10    12    17    19)
     4 (    10    17    18    19)


itemList count:     3 (    10    18    19)
basketList count:     1
     4 (    10    17    18    19)


itemList count:     3 (    11    12    13)
basketList count:     2
     3 (    11    12    13)
     4 (    11    12    13    14)


itemList count:     3 (    11    12    14)
basketList count:     1
     4 (    11    12    13    14)


itemList count:     3 (    11    12    15)
basketList count:     1
     3 (    11    12    15)


itemList count:     3 (    11    12    16)
basketList count:     1
     4 (    10    11    12    16)


itemList count:     3 (    11    13    14)
basketList count:     2
     5 (    10    11    13    14    15)
     4 (    11    12    13    14)


itemList count:     3 (    11    13    15)
basketList count:     1
     5 (    10    11    13    14    15)


itemList count:     3 (    11    13    16)
basketList count:     3
     5 (    11    13    16    17    18)
     3 (    11    13    16)
     4 (    11    13    16    18)


itemList count:     3 (    11    13    17)
basketList count:     1
     5 (    11    13    16    17    18)


itemList count:     3 (    11    13    18)
basketList count:     2
     5 (    11    13    16    17    18)
     4 (    11    13    16    18)


itemList count:     3 (    11    14    15)
basketList count:     2
     5 (    10    11    14    15    16)
     5 (    10    11    13    14    15)


itemList count:     3 (    11    14    16)
basketList count:     2
     5 (    10    11    14    15    16)
     3 (    11    14    16)


itemList count:     3 (    11    15    16)
basketList count:     2
     5 (    10    11    14    15    16)
     3 (    11    15    16)


itemList count:     3 (    11    15    17)
basketList count:     1
     4 (    11    15    17    19)


itemList count:     3 (    11    15    19)
basketList count:     1
     4 (    11    15    17    19)


itemList count:     3 (    11    16    17)
basketList count:     1
     5 (    11    13    16    17    18)


itemList count:     3 (    11    16    18)
basketList count:     2
     5 (    11    13    16    17    18)
     4 (    11    13    16    18)


itemList count:     3 (    11    17    18)
basketList count:     1
     5 (    11    13    16    17    18)


itemList count:     3 (    11    17    19)
basketList count:     1
     4 (    11    15    17    19)


itemList count:     3 (    12    13    14)
basketList count:     3
     3 (    12    13    14)
     4 (    10    12    13    14)
     4 (    11    12    13    14)


itemList count:     3 (    12    14    16)
basketList count:     1
     3 (    12    14    16)


itemList count:     3 (    12    14    17)
basketList count:     1
     3 (    12    14    17)


itemList count:     3 (    12    15    16)
basketList count:     4
     4 (    12    15    16    17)
     5 (    10    12    15    16    19)
     5 (    10    12    15    16    19)
     5 (    12    15    16    18    19)


itemList count:     3 (    12    15    17)
basketList count:     1
     4 (    12    15    16    17)


itemList count:     3 (    12    15    18)
basketList count:     1
     5 (    12    15    16    18    19)


itemList count:     3 (    12    15    19)
basketList count:     4
     4 (    10    12    15    19)
     5 (    10    12    15    16    19)
     5 (    10    12    15    16    19)
     5 (    12    15    16    18    19)


itemList count:     3 (    12    16    17)
basketList count:     1
     4 (    12    15    16    17)


itemList count:     3 (    12    16    18)
basketList count:     1
     5 (    12    15    16    18    19)


itemList count:     3 (    12    16    19)
basketList count:     3
     5 (    10    12    15    16    19)
     5 (    10    12    15    16    19)
     5 (    12    15    16    18    19)


itemList count:     3 (    12    17    18)
basketList count:     1
     3 (    12    17    18)


itemList count:     3 (    12    17    19)
basketList count:     2
     4 (    10    12    17    19)
     3 (    12    17    19)


itemList count:     3 (    12    18    19)
basketList count:     1
     5 (    12    15    16    18    19)


itemList count:     3 (    13    14    15)
basketList count:     2
     5 (    10    11    13    14    15)
     4 (    13    14    15    18)


itemList count:     3 (    13    14    16)
basketList count:     1
     4 (    13    14    16    19)


itemList count:     3 (    13    14    17)
basketList count:     2
     4 (    13    14    17    19)
     3 (    13    14    17)


itemList count:     3 (    13    14    18)
basketList count:     1
     4 (    13    14    15    18)


itemList count:     3 (    13    14    19)
basketList count:     2
     4 (    13    14    17    19)
     4 (    13    14    16    19)


itemList count:     3 (    13    15    16)
basketList count:     2
     5 (    13    15    16    18    19)
     4 (    13    15    16    18)


itemList count:     3 (    13    15    18)
basketList count:     3
     5 (    13    15    16    18    19)
     4 (    13    14    15    18)
     4 (    13    15    16    18)


itemList count:     3 (    13    15    19)
basketList count:     2
     5 (    13    15    16    18    19)
     3 (    13    15    19)


itemList count:     3 (    13    16    17)
basketList count:     2
     4 (    13    16    17    19)
     5 (    11    13    16    17    18)


itemList count:     3 (    13    16    18)
basketList count:     4
     5 (    13    15    16    18    19)
     5 (    11    13    16    17    18)
     4 (    13    15    16    18)
     4 (    11    13    16    18)


itemList count:     3 (    13    16    19)
basketList count:     3
     5 (    13    15    16    18    19)
     4 (    13    16    17    19)
     4 (    13    14    16    19)


itemList count:     3 (    13    17    18)
basketList count:     1
     5 (    11    13    16    17    18)


itemList count:     3 (    13    17    19)
basketList count:     2
     4 (    13    16    17    19)
     4 (    13    14    17    19)


itemList count:     3 (    13    18    19)
basketList count:     1
     5 (    13    15    16    18    19)


itemList count:     3 (    14    15    16)
basketList count:     2
     5 (    10    11    14    15    16)
     3 (    14    15    16)


itemList count:     3 (    14    15    17)
basketList count:     3
     4 (    14    15    17    18)
     4 (    14    15    17    18)
     3 (    14    15    17)


itemList count:     3 (    14    15    18)
basketList count:     4
     4 (    14    15    17    18)
     4 (    13    14    15    18)
     3 (    14    15    18)
     4 (    14    15    17    18)


itemList count:     3 (    14    16    17)
basketList count:     2
     3 (    14    16    17)
     4 (    14    16    17    18)


itemList count:     3 (    14    16    18)
basketList count:     1
     4 (    14    16    17    18)


itemList count:     3 (    14    16    19)
basketList count:     1
     4 (    13    14    16    19)


itemList count:     3 (    14    17    18)
basketList count:     5
     4 (    10    14    17    18)
     4 (    14    15    17    18)
     4 (    14    16    17    18)
     4 (    14    15    17    18)
     3 (    14    17    18)


itemList count:     3 (    14    17    19)
basketList count:     1
     4 (    13    14    17    19)


itemList count:     3 (    15    16    17)
basketList count:     4
     3 (    15    16    17)
     4 (    12    15    16    17)
     4 (    10    15    16    17)
     3 (    15    16    17)


itemList count:     3 (    15    16    18)
basketList count:     3
     5 (    13    15    16    18    19)
     5 (    12    15    16    18    19)
     4 (    13    15    16    18)


itemList count:     3 (    15    16    19)
basketList count:     5
     5 (    13    15    16    18    19)
     5 (    10    12    15    16    19)
     5 (    10    12    15    16    19)
     5 (    12    15    16    18    19)
     3 (    15    16    19)


itemList count:     3 (    15    17    18)
basketList count:     2
     4 (    14    15    17    18)
     4 (    14    15    17    18)


itemList count:     3 (    15    17    19)
basketList count:     1
     4 (    11    15    17    19)


itemList count:     3 (    15    18    19)
basketList count:     3
     3 (    15    18    19)
     5 (    13    15    16    18    19)
     5 (    12    15    16    18    19)


itemList count:     3 (    16    17    18)
basketList count:     2
     4 (    14    16    17    18)
     5 (    11    13    16    17    18)


itemList count:     3 (    16    17    19)
basketList count:     1
     4 (    13    16    17    19)


itemList count:     3 (    16    18    19)
basketList count:     2
     5 (    13    15    16    18    19)
     5 (    12    15    16    18    19)


itemList count:     3 (    17    18    19)
basketList count:     1
     4 (    10    17    18    19)



Itemset count: 42
itemList count:     4 (    10    11    12    16)
basketList count:     1
     4 (    10    11    12    16)


itemList count:     4 (    10    11    13    14)
basketList count:     1
     5 (    10    11    13    14    15)


itemList count:     4 (    10    11    13    15)
basketList count:     1
     5 (    10    11    13    14    15)


itemList count:     4 (    10    11    14    15)
basketList count:     2
     5 (    10    11    14    15    16)
     5 (    10    11    13    14    15)


itemList count:     4 (    10    11    14    16)
basketList count:     1
     5 (    10    11    14    15    16)


itemList count:     4 (    10    11    15    16)
basketList count:     1
     5 (    10    11    14    15    16)


itemList count:     4 (    10    12    13    14)
basketList count:     1
     4 (    10    12    13    14)


itemList count:     4 (    10    12    15    16)
basketList count:     2
     5 (    10    12    15    16    19)
     5 (    10    12    15    16    19)


itemList count:     4 (    10    12    15    19)
basketList count:     3
     4 (    10    12    15    19)
     5 (    10    12    15    16    19)
     5 (    10    12    15    16    19)


itemList count:     4 (    10    12    16    19)
basketList count:     2
     5 (    10    12    15    16    19)
     5 (    10    12    15    16    19)


itemList count:     4 (    10    12    17    19)
basketList count:     1
     4 (    10    12    17    19)


itemList count:     4 (    10    13    14    15)
basketList count:     1
     5 (    10    11    13    14    15)


itemList count:     4 (    10    14    15    16)
basketList count:     1
     5 (    10    11    14    15    16)


itemList count:     4 (    10    14    17    18)
basketList count:     1
     4 (    10    14    17    18)


itemList count:     4 (    10    15    16    17)
basketList count:     1
     4 (    10    15    16    17)


itemList count:     4 (    10    15    16    19)
basketList count:     2
     5 (    10    12    15    16    19)
     5 (    10    12    15    16    19)


itemList count:     4 (    10    17    18    19)
basketList count:     1
     4 (    10    17    18    19)


itemList count:     4 (    11    12    13    14)
basketList count:     1
     4 (    11    12    13    14)


itemList count:     4 (    11    13    14    15)
basketList count:     1
     5 (    10    11    13    14    15)


itemList count:     4 (    11    13    16    17)
basketList count:     1
     5 (    11    13    16    17    18)


itemList count:     4 (    11    13    16    18)
basketList count:     2
     5 (    11    13    16    17    18)
     4 (    11    13    16    18)


itemList count:     4 (    11    13    17    18)
basketList count:     1
     5 (    11    13    16    17    18)


itemList count:     4 (    11    14    15    16)
basketList count:     1
     5 (    10    11    14    15    16)


itemList count:     4 (    11    15    17    19)
basketList count:     1
     4 (    11    15    17    19)


itemList count:     4 (    11    16    17    18)
basketList count:     1
     5 (    11    13    16    17    18)


itemList count:     4 (    12    15    16    17)
basketList count:     1
     4 (    12    15    16    17)


itemList count:     4 (    12    15    16    18)
basketList count:     1
     5 (    12    15    16    18    19)


itemList count:     4 (    12    15    16    19)
basketList count:     3
     5 (    10    12    15    16    19)
     5 (    10    12    15    16    19)
     5 (    12    15    16    18    19)


itemList count:     4 (    12    15    18    19)
basketList count:     1
     5 (    12    15    16    18    19)


itemList count:     4 (    12    16    18    19)
basketList count:     1
     5 (    12    15    16    18    19)


itemList count:     4 (    13    14    15    18)
basketList count:     1
     4 (    13    14    15    18)


itemList count:     4 (    13    14    16    19)
basketList count:     1
     4 (    13    14    16    19)


itemList count:     4 (    13    14    17    19)
basketList count:     1
     4 (    13    14    17    19)


itemList count:     4 (    13    15    16    18)
basketList count:     2
     5 (    13    15    16    18    19)
     4 (    13    15    16    18)


itemList count:     4 (    13    15    16    19)
basketList count:     1
     5 (    13    15    16    18    19)


itemList count:     4 (    13    15    18    19)
basketList count:     1
     5 (    13    15    16    18    19)


itemList count:     4 (    13    16    17    18)
basketList count:     1
     5 (    11    13    16    17    18)


itemList count:     4 (    13    16    17    19)
basketList count:     1
     4 (    13    16    17    19)


itemList count:     4 (    13    16    18    19)
basketList count:     1
     5 (    13    15    16    18    19)


itemList count:     4 (    14    15    17    18)
basketList count:     2
     4 (    14    15    17    18)
     4 (    14    15    17    18)


itemList count:     4 (    14    16    17    18)
basketList count:     1
     4 (    14    16    17    18)


itemList count:     4 (    15    16    18    19)
basketList count:     2
     5 (    13    15    16    18    19)
     5 (    12    15    16    18    19)



