 12 17 18
 12 13 14
 10 16 17
 10 12 13 14
 12 18
 10 14 17 18
 10 12 17 19
 11 18
 10 14 18
 10 14
 10 12
 15 16 17
 12 17 19
 13 19
 14 16 17
 14 15
 10 11 14 15 16
 11 19
 17 19
 15 18 19
 13 15 16 18 19
 14 15
 13 16 17 19
 18 19
 10 12 15 19
 15 19
 12 15 16 17
 14 15 17 18
 10 18
 10 11 13 14 15
 17 19
 10 13 16
 10 16 17
 10 12 19
 12 17
 14 16 17 18
 10 12 18
 13 14 17 19
 13 14 16 19
 11 15 16
 15 18
 15 17
 16 17
 10 17 18 19
 13 16
 13 19
 10 15 16 17
 13 16
 13 14 15 18
 10 17
 14 15 18
 15 17
 13 15 19
 11 13 16 17 18
 18 19
 10 11 13
 10 12 15 16 19
 15 19
 15 19
 14 15 17 18
 10 12 15 16 19
 10 11 12 16
 10 16
 14 16
 11 12 13
 14 17 18
 14 15 16
 12 15
 14 15 17
 12 14 16
 13 16
 10 11 19
 15 16
 12 14 17
 12 18
 11 13 16
 17 18
 15 18
 13 17
 12 15 16 18 19
 11 15 17 19
 15 16 19
 12 19
 10 12 15
 15 17
 11 14 16
 15 16 17
 11 12 13 14
 13 16
 11 19
 11 12
 13 14 17
 10 12
 14 17
 13 18
 13 15 16 18
 13 19
 10 11 19
 11 13 16 18
 11 12 15
