       0    99999
       1        3
       2       57
       3       23
       4       81
       5       79
       6       36
       7       73
       8       23
       9       39
      10       20
      11       99
      12      101
      13      201
      14       11
      15       88
      16       23
      17       64
      18       81
      19       92
      20       35
      21      193
      22       23
      23       17
      24       18
      25       75
Yes, we built a heap.
The new list is:
       0    99999
       1      201
       2      193
       3      101
       4       81
       5       92
       6       99
       7       88
       8       39
       9       81
      10       79
      11       57
      12       75
      13       73
      14       11
      15       36
      16        3
      17       23
      18       23
      19       64
      20       20
      21       35
      22       23
      23       17
      24       18
      25       23
